1004
10 5
2 9
0 150
123 15
11378657 835266
1199841 2009073
24331011 5852947
33305974 6979877
16159853 3080005
272012 5336926
23084313 6610879
21717838 1853768
21640660 6236121
19481460 6055446
20564876 2348982
6903878 1159876
18267935 3871626
18607462 3796845
24841064 5210652
31198956 4234426
18668815 3754512
12086872 3126773
25142476 293373
15922879 3055809
23806565 4230314
12391618 4108182
30496125 3249662
6327978 4601787
19011680 2047467
18652923 822441
981690 8335840
4706892 2398735
5805918 4480768
11063599 3030087
27991519 7229035
32000341 5784674
8463699 1274236
6904252 3970276
21686793 6283749
10466435 4086285
26940844 3504185
22375860 6707254
14150271 729353
14307701 4843248
29785110 3725183
21935100 3705953
31798985 656930
33401104 2351416
14545468 7697517
32688232 6373255
8840483 2802347
5504550 5980180
16467066 7104440
17922019 2518654
17076680 1851270
22328868 17197
15918303 4009484
17453801 7474351
32407807 6743353
33371775 2237377
23513256 2036596
7885965 7832875
33301914 1070248
25748969 6681189
1954923 6231951
697488 6038052
18455073 5361452
10608625 7582377
17614516 1464870
2580623 6743447
30026269 6061127
16123275 3082137
11180304 3760373
7400283 5834469
21366009 5486536
26511329 8052623
22594738 4504292
12261203 7019765
12661369 199357
21724999 6087695
25333922 1644773
15601330 1842291
32765398 1977321
22251570 7771669
14217798 8366995
12804480 3257208
22096730 3713820
14185577 7552010
5278736 1139128
23334000 6897640
31511028 4336275
27513459 1928650
13057817 7772445
5560809 4570083
13670072 5950618
28275467 7167800
25362954 1005398
33204272 1404737
2465198 4071411
12127368 4820413
25868893 232278
25977572 3427547
15604633 1519699
5643420 7142474
22306013 2707650
29701456 2040771
16404953 2229357
9417218 7295418
31578198 4837307
33093763 4384923
31716685 4492430
9372393 195389
4661945 6026320
24562447 4065712
20761031 7784712
26537230 1147121
1936579 5981805
31021798 7368532
25848340 5172621
18868703 7991055
14999462 1809398
8179975 1707833
14463218 4909201
14231313 4138253
5789660 6609504
8563841 7577779
21793018 627451
31424422 4722545
32659083 5365014
915803 208371
33455419 2811232
25466671 7014826
17797911 7465376
24179194 2002998
15286473 310253
6646705 3120097
22869972 4634620
9401631 7719306
21110858 4236863
29413040 6826490
11643491 2062997
25189379 7960464
14258274 611009
28124035 7630004
32742727 1041230
16372461 6771777
31783097 583503
26051990 2392334
28876655 7631549
5219454 7193345
32424174 4583867
2855516 4100802
6908477 3493808
13252922 1188256
11549035 960836
7428011 2117206
16557443 2359534
11810849 939358
23033438 5770653
25283822 3259058
25551991 208990
893756 6997223
5512431 5126530
12266169 7532871
6524043 1414979
8820730 6232477
10927292 3203384
5556805 7102732
17537328 1774752
18349061 4887869
18135818 641485
11789372 1997614
24488351 7357130
6354156 3017486
30817216 4484887
16229147 1004164
5801960 4096998
9710397 6113210
20022281 4382173
13297395 6733077
32586557 5043912
29330044 5296436
25997154 5699111
29300110 4596208
30993051 540339
6412138 4994086
22033888 7614824
32731944 3518762
1626101 8097302
1222809 7247912
16925643 2775215
5511977 3329492
20734295 3937395
24362773 1753911
13835809 5783749
31984488 2076984
26961521 8180845
14729204 5736065
14982430 2189932
16286077 7535050
24788788 5149754
28876927 4377686
21300142 2519456
3805692 7018051
13361122 7428061
7157388 2544598
10062569 3393492
25758523 2032156
7050347 2989204
19871468 3361169
31839016 6278531
17109792 2564342
10730151 7622924
18193364 4364126
11053812 3461886
4858448 7074981
20014206 1249065
22071887 4933912
10347543 4671353
19754064 929061
29464333 540985
788633 6354337
4109140 7121162
2781441 7411363
708626 457436
16857071 1046240
1710784 4878406
12772678 8230045
353204 1964507
22758558 5127251
30870248 7188130
288518 275532
7478510 8209504
8064845 4063451
28127041 3632896
20307405 3569547
18104114 2960248
30176909 3882885
18364313 2393724
24857576 3114017
22187582 3050169
16728900 1496003
15305026 4375988
28379396 853910
10061163 3590194
3470875 2887405
17981809 7663359
361881 3265366
27195004 3388411
10754058 464870
2592302 7070357
3417684 6311630
21706341 2035524
15660738 5090940
19732670 3297881
13403284 4075822
15011862 5763570
11564118 5933026
26295266 4232234
20188306 3502090
6950856 762457
28073471 3147112
32000737 4165810
6348659 3892070
29513579 3356078
1075473 7376535
9425647 4179399
30251517 3109436
14975551 1950883
32839693 7223814
21706948 1483264
9353764 8228248
17209039 8295809
20284201 6646385
15156064 2334035
20928084 3772971
20389198 591428
11236167 5273097
10203700 1038607
30557426 1377735
20856083 888272
7477280 8347603
32351082 3992493
32880277 1711761
4768232 4821589
14104106 2460771
3341730 6059174
9058266 4376246
26570713 7382679
23277061 6414632
7665041 5213761
12336114 2110919
12649632 7959737
21995222 3923032
4487171 2852131
28004979 2088687
15571417 2277202
30641581 6762541
18328617 3726382
21506006 291001
25884372 5200055
25170425 833875
16537825 1720578
24751323 4820526
20076337 5016871
14640976 958796
3488654 1091525
459401 950500
29047851 8339891
15233232 4306678
3800448 3283821
32264615 2165000
17611920 3562433
1396948 2802647
4667247 4893131
12582734 5398448
15637115 2123437
32100163 6504446
23708661 7425650
29753824 3533005
13270436 7560145
3943656 3081766
3039187 7975825
2228485 3298556
2680611 2676228
23787419 3931773
2456001 5351849
8762488 3438973
12025130 1553252
6613709 1401549
26996190 4427856
32306132 3779625
15851850 2159020
8517175 4798099
12872113 2031491
32677252 5047401
32554268 375247
11259646 2399672
22240772 6839635
31404485 938668
23511636 3515315
10244980 18543
17226029 7123248
28842513 4568006
7905995 2496421
11853506 5159440
7312630 373203
1330557 3339700
16268473 3956462
1618708 4072223
25123173 7522692
19828691 1351305
31497269 1680447
28968700 1492633
21154857 7919557
30234391 6612541
18197308 1982334
28328320 81473
25124847 2279179
29821265 2428389
18346147 6980629
10793302 3593465
25164317 3407527
4331709 453377
31637719 6879701
22750935 4489746
2289973 5420905
21972978 901528
26677000 4677257
31820021 5659248
27957763 4826454
29644579 356648
22018129 937479
27818206 6627394
22545305 7271653
19325699 5985998
32831512 1060188
2541611 4023402
1804682 8344450
16948756 7383184
14370987 4414732
4951854 1387987
24291285 6667614
23436807 1875721
22517937 2931268
15494241 1428085
19562253 2750962
16306716 745588
26998075 6809844
19067788 5057076
31605199 5766582
16328497 6880192
25290364 5748975
30542571 126722
8284712 4094655
17480597 5367302
23824451 7493555
28271284 3217443
10620977 1917400
3868747 2749738
33221303 2593026
18411223 1369407
23508802 164518
7870032 2077983
17469086 1109331
30888248 4832183
14263376 8244057
26940923 8111429
9903317 6106919
27539485 1939993
24020239 7410173
18813431 7362972
29811352 4399348
4668362 1822485
11883934 5017406
17791478 3398247
14815091 1499122
22708316 3924579
25735391 4782353
23635522 7421313
13347513 816410
3950104 2710563
5090123 5770872
13600474 2478480
5157436 173336
17716181 5479121
26889926 1086784
23769590 5904962
19969108 4312399
5181924 6302369
22253446 1838304
19385669 495686
25533978 7118353
21415018 3264916
23921350 6444335
15311937 244797
29816380 6473614
21569653 6323765
18230060 3944538
12961292 7248081
32467430 1414356
31270014 5607327
9303209 5219428
22588737 8006636
27004164 1229767
23397873 2724416
16305607 6045797
7934763 1078151
14364087 5327059
28992423 199298
27889101 3845649
23424166 3746587
20191494 1419384
30197146 5731402
21541651 3176946
30892579 3176450
11909696 2104890
7057732 2897506
113714 6390831
33513944 31366
14377940 2206494
20878740 2869851
26488772 6672525
28577889 6469484
23300279 2237427
24567403 230428
27771884 4176121
2833740 2831026
28115945 2327276
16784982 2746904
11183086 5679036
20111873 3149668
30787746 5359428
12436628 5289781
17886733 8030713
24310769 7894275
3069149 3576203
2129566 7928123
18604679 4046225
12045419 1670407
22739046 1548733
24130283 4432901
6007476 7370495
4432166 171887
30810234 6471209
28847083 7065498
28346858 2908192
24343138 3294169
8159632 3222646
23091846 8149544
31140975 2432465
5813630 2557010
33324375 1203604
33388170 1531145
21278649 4433523
29041833 6490551
15568413 523343
13049531 7360833
20098771 413346
11830637 7766823
20743887 2877724
27716121 7729279
27965660 4290551
6798849 6710867
16077667 2840173
31644514 55588
4227417 7802614
2752337 1081833
14352654 5731773
28581234 7186805
15051046 2120301
23771768 8308175
31203547 4435607
28487362 8342182
11060992 6502589
6100370 2619343
7490215 3737695
23500232 476319
879269 386379
4043777 4223871
18363949 7459002
29013353 6312428
32738208 340242
6255116 6628346
31324854 4755243
10922255 8076333
24463606 1595385
7313331 2047973
16071461 1615786
27570356 5871835
17718818 5472220
6577868 4510611
8920515 6790666
8188993 4813098
30471528 5106686
4802167 6796114
21887841 7550779
19237759 7262939
31713737 5846214
9190850 4861060
16418515 3808145
16486582 5855185
4667316 1970166
13742089 5025093
6348154 6784460
31024423 738940
25511698 1820871
5861060 2233037
19514134 2118640
30612752 3647914
5035852 4489480
29083238 2668675
32116488 2881047
15830207 4994190
32074857 5845695
13812539 8115573
28504236 7324152
7442386 2113898
26312920 5608918
13575126 3542741
5552038 6880061
23704773 5658984
17417759 5651578
26446635 2274619
27688069 7847543
10335694 7907471
7529735 3195157
15077800 4719656
2460767 6591963
24593077 7150965
29917882 3187741
22497220 2388804
28018662 1297958
7429789 4912377
30941602 1492970
8998701 2658970
9306898 8288956
18529666 3985877
21720510 5676395
27505806 5198225
12901661 1084301
25818068 1000077
21223837 6050160
13916115 3724515
9264863 5799179
25573875 6869639
14320153 5899154
16566627 2517914
10571361 16268
7144548 5968738
30099413 6416321
32913715 1890904
3504740 3440535
25648768 3699536
26695097 4084421
7676264 640566
24928258 6973820
9237901 79497
22890535 810071
32262961 2858903
3393408 3729093
7392124 7837840
21954100 3318715
25082440 399504
18343223 3101043
3704108 508390
23866345 1488275
29690660 1699265
21476829 8017793
1745973 1135188
4365081 5975894
12772999 4815163
15337744 638689
6709225 1257344
5376817 3656256
3745361 6886548
30583794 5576161
26512252 6148064
27456232 1721865
23318794 7664507
20985142 5070747
13961304 4187052
2339831 229794
31768829 3812492
1214685 4462047
31951789 2595266
24451282 2089792
4367782 3092920
706576 1953936
15363579 5712741
7286052 2165093
288596 3661977
6656454 6983977
3210140 5050536
17752380 990929
4699932 2677806
13710848 518931
31371512 7318669
25404871 6704912
13489344 2598788
12241218 8163821
30911872 5106582
26756684 4662275
32695921 8113143
28638021 6124546
12275566 8321399
19715092 1187852
3666116 6830174
26014804 2475772
1220723 394228
23267514 3314995
21758194 2914329
26691151 6536925
406096 4603045
22468924 7913113
1729149 1079910
19207931 4559186
23604584 4332411
3386512 488304
13108523 7818693
4983327 1740043
18955997 7097098
9507980 3913040
2994703 8366048
32878721 6171220
26797123 7426411
13901725 6729345
31477962 1693106
1321019 5377937
12575388 6152144
25970269 7282568
10683732 870638
21042418 5902912
1676156 2325718
23037475 6324388
29381639 8386031
32657150 5832307
24005251 3399504
11280377 7609670
21096753 7975681
28806672 849616
31419674 2037395
19550232 2816217
18325731 8041287
10484555 3751734
16159480 2625540
300723 4190957
16031563 7015039
17811424 859921
27014644 3854937
25140687 7379631
3614919 7210518
19214523 6815615
14339015 470726
26446003 16278
31393377 2243067
24966755 4961867
18487393 2052022
523317 3577461
1266038 3843639
4951258 6361149
18903953 1058420
7012462 6560982
23469444 3470162
7254441 136926
31766517 688247
23574807 2866632
24442447 7934456
10896729 6078155
27998319 3815649
18672962 4053195
17102209 7776068
13066170 1896878
7768418 1092441
19247286 824040
23998286 520385
4913357 5985466
22329221 3975557
10680680 6987325
15341149 1918539
1158973 1303140
28048734 4162492
10177523 8077770
11040022 5504176
22644887 2309052
24407872 4542672
11619707 2419063
33423851 1591031
18928077 1240212
24162238 1506547
29156371 1093924
6122392 5524690
29829628 3779190
1465349 3764090
18241603 701055
7381295 6229164
24755357 3667094
28908181 5715405
4891636 3684661
4205930 2976407
14023721 2156625
20020319 7010466
2111416 5701169
7225678 7090489
5482104 7064218
24858465 4548419
7443229 6282619
5082330 4686325
33092406 5822777
17167433 4348259
28510556 3253302
14364754 1644101
1869469 5457204
14492332 2984405
12956046 8122735
20174053 4075349
25294229 7785974
23572309 2239517
4226571 6101963
2454800 4959462
33478333 1757300
6983674 1157990
27692705 519008
9489871 4075017
18452272 7516115
23715179 4132574
13009116 8236368
16002437 1793468
18383479 7504582
13823904 958219
27943054 6678854
23238800 2233907
23565152 5610509
3995974 6487734
1257179 3281192
32745901 7537130
22283465 7850483
20549526 7373891
30884942 5871613
4584711 7077409
32282803 3544525
16359103 4653079
22646033 799338
15290556 2622058
11586344 1734668
12780817 3841781
7193369 7003801
32533633 527776
7645724 6711837
3800200 2591040
20000755 3784060
23755206 292732
3117857 7181305
22496589 2321665
8870877 1951018
2660499 3809932
5611298 334634
7478192 5017183
30021789 257439
7345177 4974924
18718123 1597064
10284993 8388183
33230730 61940
22950928 6559278
1576323 4763365
18044281 7572510
32535965 554049
27503046 3174093
15363352 1846228
2750356 5301260
23209206 6351086
27235126 1173839
470356 420426
15649848 3481793
30668524 3660726
25086117 6324378
27756439 1198023
3846000 5696585
6852010 2899837
3556062 4763094
1505567 4694180
27670891 6986438
15372633 7852410
18958078 4997721
1929835 4197434
14997133 1839940
22925979 2899347
18794706 1025871
3481368 2411263
12111274 769017
4495048 5178998
22738604 6094005
4880487 4166938
3453886 5113065
7937187 5833543
6540408 5893284
12287698 91703
5814888 5255423
14560168 5027407
4617860 4250164
30487557 2400191
23337289 5481157
7350249 3262855
11997894 1937783
6465602 6071983
16467443 7568666
27634315 2958450
472510 1128842
28876719 6386054
13685953 5958953
27668221 6532604
4289137 332662
7095363 5828925
24703970 4034805
13664643 3931715
21588670 6635350
23027390 414493
16830461 1894131
24809004 3456689
27016137 1182066
4293123 2957481
17180601 3144113
23799342 2017070
23254973 7012918
27991592 7609985
28337227 2723625
4582826 285349
16617724 518389
17904570 4028488
23971786 6098219
184525 4237676
31652300 32132
17851405 4327168
23192355 8132080
27476732 2111671
17732143 2322823
17491674 8004018
25326890 5700730
32511404 1135915
21827518 2378286
6758430 1532523
12605672 2709549
32319563 1470253
4442981 4651962
16380958 7377528
32860189 7247815
1214198 8216313
7284649 8336789
19664801 5367312
20905957 6818524
947133 944426
7225395 7432684
16812963 3540226
26587088 3332469
2896675 3539798
5561011 4890810
419160 7885784
5707929 3023026
4684094 7338264
3316088 2540849
6991287 677931
10327984 5720896
19048220 3525106
21759938 8239576
4130646 3602043
2080341 4289807
1422362 8292713
13461357 3887089
6042018 6794177
21787267 5638328
9542772 1661806
32040528 1615384
10270841 22902
23943185 5013686
27654854 5898292
22822459 2212129
29316636 1490264
12858140 6068117
32449476 3218137
15530877 3819509
32788100 4166393
3443903 3501605
389291 4319037
14679961 2245152
8661354 6461178
611462 2329372
12544841 5838258
17478049 1802184
27511798 484912
1034790 716737
2063097 4760034
30258131 2639357
10357924 8281458
19899458 6549873
24483814 317406
10960570 3826410
751325 5275686
5980843 65346
29026360 1543455
23261296 4777449
32508882 2154979
20125158 7777431
12402921 6645263
10363784 6746076
31950678 6496786
33143995 5504322
6458866 958141
20836459 3845968
10051478 1202984
4636443 6566145
14460170 8095889
11736864 474707
19171934 1024071
24158929 6592305
14968241 8016769
2639891 7184913
25271384 1300424
19793905 4382732
17774041 6077410
23166852 7067483
28831411 365562
1275547 2711805
7672378 5776856
14867278 6631205
15020099 2414195
1250736 2228678
5252156 1543490
28344874 1443728
31146952 1349168
14662032 2341047
13930989 2205338
16185818 4615067
1498446 6890414
15424159 2606252
19302059 7455691
18345762 2060271
9277950 5328457
22261353 5911990
23883128 5355332
20215482 1438318
17209591 637601
17948867 243841
8628641 3443181
11038200 5818941
31889603 6086688
8282748 901505
20071158 6539206
32421800 5798238
5318057 5164033
21621155 8311098
8691476 1808613
16131260 8047216
16529276 7520833
32064646 6734873
28047870 3969460
18763985 6617316
2584888 6413503
14037127 7445075
10434008 5782414
12977102 2058194
20284973 8222225
22383505 6929691
16247117 5818785
2103882 435914
